4   // gammes
20   // nb op
0    // capacite

//  processing time
1  58 
2  98  
3  99 
4  58  
5  93 
6  101
7  58 
8  121  
9  88 
10  65
11  94
12  69
13  105  
14  93
15  49  
16  78  
17  85  
18  61  
19  74
20  112 


// fenetre de disponibilite de chaque humain
0      702  

// time window par visite
0      214  
74      380  
190      433  
289      475  
448      633  
0      133  
0      214  
92      333  
187      544  
368      618  
0      132  
0      324  
44      383  
448      633  
534      768  
0      150  
0      190  
123      258  
142      424  
183      523  

// demande
1 0  
2 0  
3 0 
4 0  
5 0  
6 0  
7 0  
8 0  
9 0  
10 0  
11 0  
12 0  
13 0  
14 0  
15 0  
16 0  
17 0  
18 0  
19 0  
20 0  


// Distance entre operation
0   6   19   13   19   12   0   21   26   11   24   20   34   19   37   18   10   13   24   10   
6   0   24   18   16   16   6   16   27   8   21   24   31   16   34   16   9   7   22   4   
19   24   0   7   31   10   19   38   26   26   34   11   44   31   47   29   22   31   31   28   
13   18   7   0   28   7   13   33   26   21   31   13   41   28   44   26   18   25   29   22   
19   16   31   28   0   22   19   11   18   9   6   26   15   0   19   3   10   15   9   15   
12   16   10   7   22   0   12   28   19   16   24   9   34   22   37   20   12   23   22   19   
0   6   19   13   19   12   0   21   26   11   24   20   34   19   37   18   10   13   24   10   
21   16   38   33   11   28   21   0   29   13   15   34   21   11   23   14   17   10   20   13   
26   27   26   26   18   19   26   29   0   21   16   16   22   18   24   16   18   30   11   28   
11   8   26   21   9   16   11   13   21   0   14   23   24   9   27   9   5   9   16   8   
24   21   34   31   6   24   24   15   16   14   0   27   11   6   14   6   14   20   5   20   
20   24   11   13   26   9   20   34   16   23   27   0   36   26   39   23   19   30   23   27   
34   31   44   41   15   34   34   21   22   24   11   36   0   15   4   16   25   29   13   29   
19   16   31   28   0   22   19   11   18   9   6   26   15   0   19   3   10   15   9   15   
37   34   47   44   19   37   37   23   24   27   14   39   4   19   0   19   28   32   16   32   
18   16   29   26   3   20   18   14   16   9   6   23   16   3   19   0   9   16   8   15   
10   9   22   18   10   12   10   17   18   5   14   19   25   10   28   9   0   13   14   11   
13   7   31   25   15   23   13   10   30   9   20   30   29   15   32   16   13   0   23   4   
24   22   31   29   9   22   24   20   11   16   5   23   13   9   16   8   14   23   0   22   
10   4   28   22   15   19   10   13   28   8   20   27   29   15   32   15   11   4   22   0   

// distance au débpot
1  18 
2  18 
3  23 
4  21 
5  12 
6  14 
7  18 
8  22 
9  9  
10  13 
11  12 
12  15 
13  21 
14  12 
15  24 
16  9 
17  10 
18  22 
19  9  
20 20
   

// C2. i avant j (ont la meme date de debut)
2
1 7
5 14




