4     // nb camions
20   // nb op
0    // capacite

// processing time
1 139
2 37
3 32
4 102
5 72
6 75
7 49
8 32
9 107
10 37
11 25
12 88
13 47
14 118
15 131
16 63
17 52
18 139
19 69
20 98

// fenetre de disponibilite des véhicules
0      695  

// time window par visite
45      313  
284      439  
299      497  
373      674  
444      684  
0      138  
0      183  
299      497  
343      558  
496      784  
0      139  
0      140  
56      309  
122      398  
248      533  
0      152  
0      179  
45      313  
222      459  
274      575  

// demande
1 0  
2 0  
3 0 
4 0  
5 0  
6 0  
7 0  
8 0  
9 0  
10 0  
11 0  
12 0  
13 0  
14 0  
15 0  
16 0  
17 0  
18 0  
19 0  
20 0  

// Distance entre operation
0   23   3   42   43   23   25   3   4   33   29   29   38   3   39   37   40   0   24   14   
23   0   23   35   36   25   35   23   20   23   22   17   35   23   31   24   19   23   7   25   
3   23   0   40   41   22   23   0   4   32   28   28   36   2   38   36   40   3   24   12   
42   35   40   0   2   20   27   40   39   13   14   18   7   39   4   14   29   42   28   31   
43   36   41   2   0   20   27   41   40   14   15   19   7   40   6   15   30   43   29   32   
23   25   22   20   20   0   12   22   21   15   10   15   15   21   18   20   31   23   20   12   
25   35   23   27   27   12   0   23   24   26   22   27   21   23   27   31   43   25   31   13   
3   23   0   40   41   22   23   0   4   32   28   28   36   2   38   36   40   3   24   12   
4   20   4   39   40   21   24   4   0   30   26   26   35   3   36   34   36   4   21   12   
33   23   32   13   14   15   26   32   30   0   5   6   14   31   9   6   19   33   16   25   
29   22   28   14   15   10   22   28   26   5   0   7   13   27   11   10   22   29   15   20   
29   17   28   18   19   15   27   28   26   6   7   0   19   27   14   8   16   29   10   23   
38   35   36   7   7   15   21   36   35   14   13   19   0   35   8   17   32   38   28   26   
3   23   2   39   40   21   23   2   3   31   27   27   35   0   37   35   39   3   23   11   
39   31   38   4   6   18   27   38   36   9   11   14   8   37   0   10   25   39   24   29   
37   24   36   14   15   20   31   36   34   6   10   8   17   35   10   0   16   37   17   30   
40   19   40   29   30   31   43   40   36   19   22   16   32   39   25   16   0   40   16   37   
0   23   3   42   43   23   25   3   4   33   29   29   38   3   39   37   40   0   24   14   
24   7   24   28   29   20   31   24   21   16   15   10   28   23   24   17   16   24   0   23   
14   25   12   31   32   12   13   12   12   25   20   23   26   11   29   30   37   14   23   0   

// distance depot vers visite
1  21 
2  18 
3  20 
4  22 
5  23
6  7 
7  18 
8  20 
9  18 
10  13 
11  9   
12  11 
13  19 
14  19 
15  19 
16  17 
17  26 
18  21 
19  13 
20  13 


// C2. i avant j ayant meme date
2
1 18
3 8



