4   // gammes
20   // nb op
0    // capacite

// processing time
6  64
11  42  
18  74  
19  83  
9  41 
20  85  
3  50 
17  46 
16  17 
7  71  
10  93  
15  84 
13  82
14  85  
8  66 
4  120 
12  74
1  68 
2  180  
5  24 

// fenetre de disponibilite de chaque humain
0      554  

// time window par visite
0      164  
0      204  
168      477  
190      549  
352      636  
0      136  
0      294  
92      420  
138      391  
177      564  
0      214  
0      224  
138      360  
220      458  
347      576  
0      119  
0      132  
0      224  
71      350  
220      458

// demande
1 0  
2 0  
3 0 
4 0  
5 0  
6 0  
7 0  
8 0  
9 0  
10 0  
11 0  
12 0  
13 0  
14 0  
15 0  
16 0  
17 0  
18 0  
19 0  
20 0  


// Distance entre operation
0   9   28   13   16   27   45   24   32   41   31   21   31   33   39   44   39   21   23   33   
9   0   30   19   11   20   44   30   34   40   24   14   30   35   36   43   35   14   21   35   
28   30   0   17   23   29   23   17   6   16   37   31   12   6   23   21   25   31   14   6   
13   19   17   0   19   29   38   12   22   32   36   27   24   22   34   36   35   27   18   22   
16   11   23   19   0   12   33   29   26   30   18   9   20   27   25   32   24   9   11   27   
27   20   29   29   12   0   31   39   31   31   8   8   22   31   21   31   19   8   16   31   
45   44   23   38   33   31   0   40   20   8   37   37   15   19   10   3   14   37   24   19   
24   30   17   12   29   39   40   0   21   33   46   37   28   22   39   38   40   37   25   22   
32   34   6   22   26   31   20   21   0   12   39   34   11   1   21   17   24   34   16   1   
41   40   16   32   30   31   8   33   12   0   38   35   11   12   13   6   17   35   20   12   
31   24   37   36   18   8   37   46   39   38   0   11   29   39   27   37   24   11   24   39   
21   14   31   27   9   8   37   37   34   35   11   0   26   34   28   36   26   0   18   34   
31   30   12   24   20   22   15   28   11   11   29   26   0   11   12   13   13   26   10   11   
33   35   6   22   27   31   19   22   1   12   39   34   11   0   21   17   24   34   16   0   
39   36   23   34   25   21   10   39   21   13   27   28   12   21   0   11   4   28   18   21   
44   43   21   36   32   31   3   38   17   6   37   36   13   17   11   0   14   36   22   17   
39   35   25   35   24   19   14   40   24   17   24   26   13   24   4   14   0   26   18   24   
21   14   31   27   9   8   37   37   34   35   11   0   26   34   28   36   26   0   18   34   
23   21   14   18   11   16   24   25   16   20   24   18   10   16   18   22   18   18   0   16   
33   35   6   22   27   31   19   22   1   12   39   34   11   0   21   17   24   34   16   0   

// distance au débpot
1	21
2	21
3	11
4	15
5	12
6	19
7	25
8	22
9	15
10	20
11	27
12	20
13	11
14	15
15	20
16	23
17	21
18	20
19	4
20	15
  

// C2. i avant j (ont la meme date de debut)
2
12 18
14 20




