4   // gammes
20   // nb op
0    // capacite

// processing time
3  87
11  71
2  52  
12  54 
4  104 
15  51  
13  88 
19  75
1  72  
8  103 
17  104  
9  48  
20  49  
6  20 
5  101  
14  97  
7  104  
16  116
10  88  
18  118  


// fenetre de disponibilite de chaque humain
0      717  

// time window par visite
0      121  
16      240  
22      363  
192      455  
239      555  
0      118  
0      196  
55      294  
125      417  
205      548  
0      194  
0      286  
205      548  
305      639  
462      724  
0      132  
192      455  
246      523  
454      646  
450      752

// demande
1 0  
2 0  
3 0 
4 0  
5 0  
6 0  
7 0  
8 0  
9 0  
10 0  
11 0  
12 0  
13 0  
14 0  
15 0  
16 0  
17 0  
18 0  
19 0  
20 0  


// Distance entre operation
0   18   24   12   36   26   22   3   22   14   24   11   14   28   7   20   12   14   19   28   
18   0   6   14   40   28   21   19   8   25   6   12   25   21   14   25   14   22   18   13   
24   6   0   18   43   31   23   24   8   30   1   17   30   22   19   29   18   27   21   10   
12   14   18   0   45   34   28   11   14   24   18   3   24   31   6   28   0   24   25   18   
36   40   43   45   0   13   20   38   48   23   43   43   23   23   40   17   45   22   23   52   
26   28   31   34   13   0   8   29   35   16   30   31   16   12   30   8   34   13   10   40   
22   21   23   28   20   8   0   24   28   15   23   25   15   8   24   8   28   11   3   33   
3   19   24   11   38   29   24   0   22   16   24   10   16   30   6   22   11   17   22   27   
22   8   8   14   48   35   28   22   0   31   8   13   31   28   16   32   14   29   25   6   
14   25   30   24   23   16   15   16   31   0   29   22   0   22   19   9   24   4   14   37   
24   6   1   18   43   30   23   24   8   29   0   17   29   22   19   28   18   26   20   11   
11   12   17   3   43   31   25   10   13   22   17   0   22   29   4   26   3   22   22   18   
14   25   30   24   23   16   15   16   31   0   29   22   0   22   19   9   24   4   14   37   
28   21   22   31   23   12   8   30   28   22   22   29   22   0   28   15   31   18   9   32   
7   14   19   6   40   30   24   6   16   19   19   4   19   28   0   24   6   19   21   21   
20   25   29   28   17   8   8   22   32   9   28   26   9   15   24   0   28   6   9   37   
12   14   18   0   45   34   28   11   14   24   18   3   24   31   6   28   0   24   25   18   
14   22   27   24   22   13   11   17   29   4   26   22   4   18   19   6   24   0   10   35   
19   18   21   25   23   10   3   22   25   14   20   22   14   9   21   9   25   10   0   30   
28   13   10   18   52   40   33   27   6   37   11   18   37   32   21   37   18   35   30   0   

// distance au débpot
1	17
2	12
3	15
4	20
5	29
6	16
7	9
8	19
9	19
10	17
11	15
12	18
13	17
14	12
15	17
16	14
17	20
18	13
19	6
20	24

  
// C2. i avant j (ont la meme date de debut)
2
4 17
10 13




